0.000000000000000000e+00	4.377892116837412972e-01	3.501971021267230588e-01	5.328906819799505978e-01	4.041236965787931013e-01	4.273767168412251349e-01	3.208980193147279447e-01
4.377892116837412972e-01	0.000000000000000000e+00	4.829250158761946854e-01	5.001101771305727084e-01	4.523983995599788477e-01	4.507308287405364933e-01	3.441252340028219669e-01
3.501971021267230588e-01	4.829250158761946854e-01	0.000000000000000000e+00	4.233945233322015111e-01	4.353103293879927449e-01	3.794265696444095726e-01	3.168965486967267875e-01
5.328906819799505978e-01	5.001101771305727084e-01	4.233945233322015111e-01	0.000000000000000000e+00	4.131448924821793933e-01	4.820856845838679128e-01	3.635593713875890920e-01
4.041236965787931013e-01	4.523983995599788477e-01	4.353103293879927449e-01	4.131448924821793933e-01	0.000000000000000000e+00	4.177294803975045157e-01	3.333215686281058021e-01
4.273767168412251349e-01	4.507308287405364933e-01	3.794265696444095726e-01	4.820856845838679128e-01	4.177294803975045157e-01	0.000000000000000000e+00	2.519962354896871926e-01
3.208980193147279447e-01	3.441252340028219669e-01	3.168965486967267875e-01	3.635593713875890920e-01	3.333215686281058021e-01	2.519962354896871926e-01	0.000000000000000000e+00
